30 12 3 5
0 4 6 9 13 5 8 11 9 7 14 6 3 10 8 11 9 13 10 4 6 12 8 11 7 9 10 6 7 5
4 0 7 5 11 6 9 10 8 6 12 7 5 8 10 9 10 12 11 6 5 9 7 9 6 8 11 5 6 4
6 7 0 6 12 4 10 12 10 8 13 5 2 11 7 10 11 14 11 5 7 13 9 12 8 10 9 7 6 6
9 5 6 0 10 7 12 13 11 9 14 8 6 9 11 8 12 13 12 7 6 8 10 11 9 7 13 6 7 5
13 11 12 10 0 14 15 16 13 11 17 12 11 10 15 13 14 17 16 10 9 5 13 12 12 13 15 11 10 12
5 6 4 7 14 0 11 13 12 8 15 4 3 12 6 11 12 15 12 5 8 13 10 14 9 11 8 7 6 6
8 9 10 12 15 11 0 7 6 4 10 11 8 6 4 9 7 10 6 8 10 14 4 6 5 6 12 3 5 7
11 10 12 13 16 13 7 0 4 6 8 12 9 3 5 6 5 7 4 11 13 15 6 5 6 7 10 5 7 9
9 8 10 11 13 12 6 4 0 5 9 10 7 4 6 4 6 8 5 10 11 13 7 7 4 5 8 4 6 8
7 6 8 9 11 8 4 6 5 0 10 8 6 5 7 6 4 7 6 8 9 11 6 7 3 5 7 3 5 6
14 12 13 14 17 15 10 8 9 10 0 13 11 7 9 10 8 6 5 13 15 17 10 9 10 11 9 10 12 11
6 7 5 8 12 4 11 12 10 8 13 0 3 10 6 9 10 13 10 6 8 12 9 11 7 9 7 6 6 6
3 5 2 6 11 3 8 9 7 6 11 3 0 9 6 9 10 12 9 4 6 11 8 10 6 8 9 5 4 5
10 8 11 9 10 12 6 3 4 5 7 10 9 0 6 5 4 6 5 10 11 13 6 4 5 6 9 5 7 8
8 10 7 11 15 6 4 5 6 7 9 6 6 6 0 7 5 8 6 9 10 14 3 5 4 5 11 2 4 6
11 9 10 8 13 11 9 6 4 6 10 9 9 5 7 0 3 6 4 9 10 12 5 6 3 4 8 4 6 7
9 10 11 12 14 12 7 5 6 4 8 10 10 4 5 3 0 4 2 8 9 11 5 6 2 3 9 2 4 5
13 12 14 13 17 15 10 7 8 7 6 13 12 6 8 6 4 0 3 11 13 14 8 7 8 9 7 8 10 9
10 11 11 12 16 12 6 4 5 6 5 10 9 5 6 4 2 3 0 9 10 13 6 5 5 6 8 6 7 7
4 6 5 7 10 5 8 11 10 8 13 6 4 10 9 9 8 11 9 0 4 10 10 11 7 9 11 7 6 5
6 5 7 6 9 8 10 13 11 9 15 8 6 11 10 10 9 13 10 4 0 8 11 13 9 10 12 8 7 6
12 9 13 8 5 13 14 15 13 11 17 12 11 13 14 12 11 14 13 10 8 0 13 12 12 13 16 12 10 12
8 7 9 10 13 10 4 6 7 6 10 9 8 6 3 5 5 8 6 10 11 13 0 4 5 5 10 4 4 6
11 9 12 11 12 14 6 5 7 7 9 11 10 4 5 6 6 7 5 11 13 12 4 0 6 5 11 5 6 7
7 6 8 9 12 9 5 6 4 3 10 7 6 5 4 3 2 8 5 7 9 12 5 6 0 2 9 2 4 5
9 8 10 7 13 11 6 7 5 5 11 9 8 6 5 4 3 9 6 9 10 13 5 5 2 0 10 3 5 6
10 11 9 13 15 8 12 10 8 7 9 7 9 9 11 8 9 7 8 11 12 16 10 11 9 10 0 9 10 11
6 5 7 6 11 7 3 5 4 3 10 6 5 5 2 4 2 8 6 7 8 12 4 5 2 3 9 0 3 4
7 6 6 7 10 6 5 7 6 5 12 6 4 7 4 6 4 10 7 6 7 10 4 6 4 5 10 3 0 2
5 4 6 5 12 6 7 9 8 6 11 6 5 8 6 7 5 9 7 5 6 12 6 7 5 6 11 4 2 0

